== in-pool, years=all ==
class       fold       nNet       net     comm  net+comm  grossArm  nGross gap(both) spreadNom  slipNom     bound swapR/bp
agriculture fit        2512    -470.5   -163.5    -307.0      51.2    2701     430.3    -246.9   -360.4    -495.0      1.2
agriculture select     1263    -202.9    -83.0    -119.9      43.5    1347     195.6    -123.1   -168.5    -217.8      0.9
crypto      fit       21392     256.2   -944.6    1200.7    2661.3   21894    2094.1   -2022.0   -693.8    -469.9      5.5
crypto      select    43085   -7091.2  -2387.7   -4703.5    -993.4   44123    5426.9   -5633.1  -1708.5   -7685.9     15.5
energies    fit         577    -126.1    -97.9     -28.3     -90.3     589      27.8     -22.2    -27.2    -134.0      0.7
energies    select      298     -65.0    -56.2      -8.8     -55.1     300       9.1     -10.7    -13.0     -70.1      0.2
forex       fit      168240    -235.2  -4611.7    4376.5    4351.6  169261    4098.8   -3511.1  -3210.8   -4053.7    878.2
forex       select    72699    1452.7  -2565.2    4017.9    3752.4   73169    2101.8   -1767.7  -1616.4    -680.5    436.8
futures     fit        9237   -1457.4   -275.7   -1181.7    -640.8    9419     727.7    -480.2   -806.3   -1609.1     22.1
futures     select     5020    -425.2   -125.4    -299.8     -17.3    5114     366.1    -227.7   -383.3    -499.7     14.2
indices     fit         280     -19.2     -6.4     -12.9      -7.4     285       8.2      -9.3    -11.8     -19.2      0.0
indices     select      613    -109.7    -40.4     -69.3     -64.7     623      39.9     -35.4    -45.1    -112.5      0.0
livestock   fit         340     -19.6    -11.7      -7.9      -1.0     345      14.0     -17.7    -30.2     -21.3      2.6
livestock   select      170      -3.8     -3.6      -0.1      12.1     172      14.0      -5.6    -12.2      -4.1      0.9
metals      fit        5497    -686.6   -115.4    -571.2     -42.1    5641     578.6    -462.4   -535.4    -783.1     18.3
metals      select     2507    -182.2    -31.3    -150.8      73.6    2563     231.9    -179.4   -207.7    -226.7      7.2
== in-pool, years=contained ==
class       fold       nNet       net     comm  net+comm  grossArm  nGross gap(both) spreadNom  slipNom     bound swapR/bp
agriculture fit        2512    -470.5   -163.5    -307.0      51.2    2701     430.3    -246.9   -360.4    -495.0      1.2
agriculture select     1263    -202.9    -83.0    -119.9      43.5    1347     195.6    -123.1   -168.5    -217.8      0.9
crypto      fit        2308    -136.2   -109.1     -27.1      78.1    2326     191.3    -208.2    -78.8    -160.1      0.6
crypto      select    33134   -4758.9  -1759.2   -2999.7    -773.1   33840    3569.0   -3695.4  -1258.9   -5186.8     13.4
energies    fit         577    -126.1    -97.9     -28.3     -90.3     589      27.8     -22.2    -27.2    -134.0      0.7
energies    select      298     -65.0    -56.2      -8.8     -55.1     300       9.1     -10.7    -13.0     -70.1      0.2
forex       fit      168240    -235.2  -4611.7    4376.5    4351.6  169261    4098.8   -3511.1  -3210.8   -4053.7    878.2
forex       select    49515   -1336.0  -1862.0     526.0     322.7   49853    1515.6   -1261.9  -1153.9   -2378.6    346.0
futures     fit        9138   -1407.3   -271.1   -1136.2    -596.8    9320     721.5    -477.2   -795.7   -1556.8     22.1
futures     select     4365    -300.2    -94.9    -205.3      55.2    4457     316.2    -208.0   -316.9    -371.0     13.6
indices     fit         280     -19.2     -6.4     -12.9      -7.4     285       8.2      -9.3    -11.8     -19.2      0.0
indices     select      530     -58.3    -18.8     -39.5     -28.4     536      26.4     -27.6    -35.1     -61.1      0.0
livestock   fit         289     -18.0    -10.3      -7.7      -4.7     294       8.8     -15.7    -27.0     -19.5      2.3
livestock   select      170      -3.8     -3.6      -0.1      12.1     172      14.0      -5.6    -12.2      -4.1      0.9
metals      fit        5497    -686.6   -115.4    -571.2     -42.1    5641     578.6    -462.4   -535.4    -783.1     18.3
metals      select     2507    -182.2    -31.3    -150.8      73.6    2563     231.9    -179.4   -207.7    -226.7      7.2
== in-pool, years=escaping ==
class       fold       nNet       net     comm  net+comm  grossArm  nGross gap(both) spreadNom  slipNom     bound swapR/bp
crypto      fit       19084     392.4   -835.5    1227.9    2583.2   19568    1902.8   -1813.8   -615.0    -309.9      4.9
crypto      select     9951   -2332.3   -628.5   -1703.7    -220.3   10283    1858.0   -1937.8   -449.7   -2499.1      2.0
forex       select    23184    2788.7   -703.2    3491.9    3429.7   23316     586.2    -505.8   -462.5    1698.1     90.8
futures     fit          99     -50.2     -4.6     -45.6     -43.9      99       6.2      -3.0    -10.6     -52.3      0.0
futures     select      655    -125.0    -30.5     -94.4     -72.5     657      49.9     -19.7    -66.5    -128.6      0.6
indices     select       83     -51.4    -21.6     -29.8     -36.2      87      13.5      -7.8     -9.9     -51.4      0.0
livestock   fit          51      -1.6     -1.4      -0.2       3.6      51       5.2      -2.1     -3.2      -1.9      0.3
