control commTp1 forex fit in-pool 3163.0 (banked-fraction costs column: 3163.0)
control commTp1 forex select in-pool 1816.6 (banked-fraction: 1816.6)
years=contained; E = net realizedR per fill, lo = E-1.96*iid SE (iid, optimistic), B = arming-bound, NC = net with commission added back, G = gross arm (commission charged, no spread/slip)
sym      cls         H |  fit n       E      lo       B      NC       G   comm |  sel n       E      lo       B      NC       G   comm
ZCUSX    agriculture   |    710  -0.242  -0.313  -0.256  -0.159   0.069  0.082 |    355  -0.221  -0.326  -0.242  -0.150   0.055  0.071
ZLUSX    agriculture   |    762  -0.096  -0.144  -0.113  -0.049   0.003  0.047 |    385  -0.106  -0.174  -0.122  -0.053  -0.002  0.053
ZMUSD    agriculture H |    714  -0.148  -0.204  -0.164  -0.087  -0.002  0.061 |    392  -0.151  -0.305  -0.168  -0.068   0.038  0.083
ZOUSX    agriculture   |    391  -0.114  -0.202  -0.114  -0.070   0.001  0.044 |    244  -0.033  -0.145  -0.033   0.024   0.089  0.057
ZRUSD    agriculture   |    174  -0.094  -0.215  -0.095  -0.017   0.044  0.077 |     94  -0.044  -0.216  -0.046   0.034   0.059  0.078
ZSUSX    agriculture   |    475  -0.348  -0.438  -0.350  -0.267  -0.032  0.081 |    185  -0.386  -0.516  -0.391  -0.298  -0.031  0.088
AAVEUSD  crypto      H |              -                                        |   2272  -0.051  -0.079  -0.066  -0.009  -0.019  0.043
ADAUSD   crypto        |              -                                        |   2637  -0.099  -0.125  -0.115  -0.054  -0.008  0.046
ALGOUSD  crypto        |    329  -0.563  -0.665  -0.563  -0.471  -0.205  0.092 |    362  -0.554  -0.643  -0.555  -0.462  -0.162  0.092
ATOMUSD  crypto        |     34  -0.683  -1.046  -0.683  -0.628   0.041  0.054 |    422  -0.926  -0.983  -0.927  -0.861  -0.146  0.065
AVAXUSD  crypto        |              -                                        |    884  -0.503  -0.558  -0.504  -0.413  -0.103  0.090
BCHUSD   crypto        |              -                                        |   2256  -0.243  -0.272  -0.255  -0.194  -0.036  0.049
BTCUSD   crypto        |    275  -0.030  -0.121  -0.040   0.013  -0.003  0.042 |   2661  -0.046  -0.071  -0.067   0.022   0.005  0.068
DASHUSD  crypto      H |              -                                        |   2528  -0.069  -0.096  -0.081  -0.024  -0.037  0.045
DOGEUSD  crypto        |    351   0.212   0.151   0.178   0.233   0.252  0.021 |   2400  -0.043  -0.069  -0.064   0.009   0.008  0.052
DOTUSD   crypto        |              -                                        |     53  -0.988  -1.166  -0.989  -0.866  -0.198  0.122
DYDXUSD  crypto        |              -                                        |    232  -1.096  -1.180  -1.096  -1.021  -0.112  0.076
EGLDUSD  crypto        |              -                                        |     91  -0.286  -0.452  -0.288  -0.252  -0.138  0.034
ETCUSD   crypto        |              -                                        |   1413  -0.052  -0.086  -0.068  -0.002   0.015  0.050
ETHUSD   crypto        |    693   0.035  -0.020   0.022   0.079   0.076  0.044 |   2590  -0.055  -0.080  -0.073  -0.001  -0.009  0.054
FILUSD   crypto        |              -                                        |     39  -1.923  -2.244  -1.923  -1.866  -0.112  0.057
GRTUSD   crypto        |              -                                        |   2483  -0.041  -0.067  -0.056  -0.009   0.002  0.032
HBARUSD  crypto        |              -                                        |    640  -0.121  -0.175  -0.136  -0.041  -0.062  0.079
IMXUSD   crypto        |              -                                        |   1128  -0.070  -0.118  -0.070  -0.030  -0.010  0.040
LINKUSD  crypto        |    607  -0.027  -0.102  -0.027   0.017   0.009  0.044 |   3311  -0.052  -0.080  -0.052  -0.003  -0.015  0.049
LTCUSD   crypto        |     19  -0.090  -0.367  -0.090  -0.073  -0.016  0.018 |   2224  -0.227  -0.256  -0.242  -0.182   0.005  0.045
NEARUSD  crypto        |              -                                        |    156  -0.712  -0.826  -0.714  -0.610  -0.049  0.102
SOLUSD   crypto        |              -                                        |   2202  -0.062  -0.091  -0.075  -0.023  -0.028  0.038
TRXUSD   crypto        |              -                                        |    751  -0.550  -0.612  -0.551  -0.431  -0.132  0.120
UNIUSD   crypto        |              -                                        |   2531  -0.091  -0.118  -0.107  -0.039  -0.051  0.052
XLMUSD   crypto      H |    174   0.069  -0.058   0.069   0.119   0.107  0.049 |   3163  -0.076  -0.105  -0.076  -0.018  -0.040  0.058
XMRUSD   crypto      H |              -                                        |   2345  -0.087  -0.114  -0.101  -0.027  -0.040  0.060
XRPUSD   crypto        |              -                                        |   1452  -0.045  -0.079  -0.061   0.003  -0.016  0.048
XTZUSD   crypto        |              -                                        |    216  -0.814  -0.908  -0.817  -0.752  -0.020  0.062
WTI      energies      |    577  -0.219  -0.288  -0.232  -0.049  -0.153  0.170 |    298  -0.218  -0.315  -0.235  -0.030  -0.184  0.189
AUDCAD   forex         |   7425   0.008  -0.006  -0.018   0.045   0.039  0.036 |   2155  -0.024  -0.051  -0.046   0.026   0.010  0.050
AUDCHF   forex       H |   7726  -0.001  -0.015  -0.024   0.030   0.023  0.031 |   2618  -0.027  -0.051  -0.046   0.018   0.004  0.045
AUDJPY   forex         |   7776   0.006  -0.008  -0.015   0.033   0.029  0.028 |   2622  -0.035  -0.060  -0.056   0.005  -0.009  0.040
AUDNZD   forex       H |   6201   0.029   0.013  -0.001   0.069   0.062  0.040 |   1511  -0.006  -0.036  -0.030   0.048   0.022  0.054
AUDUSD   forex         |   8220  -0.032  -0.046  -0.050  -0.001  -0.007  0.031 |   2501  -0.038  -0.063  -0.057   0.006  -0.013  0.043
CADCHF   forex         |   7834   0.003  -0.011  -0.021   0.036   0.032  0.033 |   2107  -0.029  -0.056  -0.049   0.017   0.006  0.046
CADJPY   forex         |   7900  -0.006  -0.020  -0.027   0.023   0.018  0.029 |   2367  -0.059  -0.085  -0.077  -0.016  -0.028  0.043
CHFJPY   forex         |   7906   0.002  -0.012  -0.021   0.029   0.024  0.027 |   2229  -0.019  -0.046  -0.042   0.020   0.019  0.040
EURAUD   forex         |   7941   0.018   0.004  -0.007   0.042   0.044  0.024 |   2399  -0.005  -0.030  -0.028   0.029   0.028  0.034
EURCAD   forex         |   7817   0.026   0.013   0.002   0.052   0.054  0.026 |   2308  -0.016  -0.042  -0.038   0.020   0.026  0.036
EURCHF   forex         |   4795  -0.004  -0.021  -0.030   0.028   0.034  0.031 |   1389  -0.032  -0.065  -0.055   0.010   0.017  0.042
EURGBP   forex         |   7572  -0.002  -0.017  -0.025   0.026   0.030  0.029 |   2066  -0.003  -0.029  -0.024   0.033   0.032  0.036
EURJPY   forex         |   7897  -0.010  -0.024  -0.030   0.013   0.018  0.022 |   2466  -0.032  -0.057  -0.053   0.002   0.007  0.034
EURNZD   forex         |   8044   0.025   0.011  -0.002   0.046   0.052  0.022 |   2363  -0.021  -0.046  -0.043   0.013   0.018  0.033
EURUSD   forex       H |   7907  -0.030  -0.044  -0.048  -0.003   0.000  0.027 |   2166  -0.047  -0.074  -0.065  -0.011  -0.009  0.036
GBPAUD   forex         |   8187   0.005  -0.009  -0.018   0.024   0.028  0.019 |   2345  -0.026  -0.052  -0.050  -0.001   0.005  0.026
GBPCAD   forex       H |   7827   0.019   0.005  -0.005   0.040   0.048  0.022 |   2227  -0.016  -0.042  -0.040   0.012   0.014  0.028
GBPCHF   forex         |   7649   0.014   0.000  -0.011   0.036   0.040  0.022 |   2437  -0.008  -0.033  -0.029   0.020   0.026  0.028
GBPJPY   forex         |   7946   0.017   0.003  -0.004   0.035   0.042  0.018 |   2461   0.001  -0.024  -0.020   0.026   0.026  0.024
GBPNZD   forex         |   8157   0.033   0.020   0.008   0.051   0.057  0.017 |   2397  -0.006  -0.031  -0.033   0.020   0.028  0.025
GBPUSD   forex         |   7759  -0.025  -0.039  -0.045  -0.001   0.009  0.024 |   2256  -0.024  -0.050  -0.044   0.004   0.007  0.028
NZDCAD   forex         |   7590   0.018   0.004  -0.010   0.055   0.044  0.037 |   2229  -0.048  -0.075  -0.069   0.003  -0.019  0.051
NZDCHF   forex       H |   7486   0.006  -0.009  -0.021   0.039   0.028  0.033 |   2412  -0.020  -0.045  -0.041   0.027   0.010  0.047
NZDJPY   forex       H |   7905   0.008  -0.006  -0.016   0.038   0.029  0.030 |   2419  -0.026  -0.052  -0.046   0.018  -0.001  0.044
NZDUSD   forex         |   7980  -0.025  -0.040  -0.046   0.008  -0.007  0.033 |   2433  -0.051  -0.077  -0.070  -0.004  -0.022  0.047
USDCAD   forex         |   6669  -0.058  -0.074  -0.078  -0.021  -0.021  0.037 |   1904  -0.035  -0.064  -0.052   0.008   0.003  0.042
USDCHF   forex         |   7561  -0.025  -0.040  -0.045   0.007   0.005  0.032 |   2048  -0.038  -0.065  -0.058   0.004  -0.004  0.042
USDJPY   forex         |   7615  -0.030  -0.044  -0.047   0.003  -0.001  0.032 |   2033  -0.052  -0.080  -0.071  -0.012  -0.019  0.040
BZUSD    futures     H |    689  -0.116  -0.173  -0.127  -0.097  -0.046  0.019 |    358   0.021  -0.065   0.009   0.040   0.085  0.019
CLUSD    futures       |    641  -0.065  -0.123  -0.081  -0.046  -0.004  0.018 |    346   0.025  -0.059   0.009   0.045   0.083  0.020
ESUSD    futures       |    732  -0.077  -0.122  -0.091  -0.064   0.007  0.013 |    399  -0.037  -0.098  -0.054  -0.027   0.015  0.009
GCUSD    futures       |    843  -0.039  -0.085  -0.053  -0.029   0.001  0.010 |    547   0.011  -0.043  -0.005   0.016   0.036  0.005
HGUSD    futures       |    843  -0.132  -0.179  -0.160  -0.117  -0.106  0.015 |    454  -0.022  -0.084  -0.047  -0.012   0.010  0.010
HOUSD    futures       |    557  -0.509  -0.569  -0.527  -0.456  -0.435  0.053 |              -                                       
NGUSD    futures     H |    700  -0.098  -0.146  -0.119  -0.072  -0.055  0.026 |    494  -0.105  -0.168  -0.127  -0.085  -0.058  0.020
NQUSD    futures       |    707  -0.008  -0.055  -0.025  -0.001   0.026  0.007 |    423  -0.006  -0.067  -0.023  -0.001   0.025  0.005
PAUSD    futures       |    849  -0.097  -0.159  -0.121  -0.070  -0.021  0.027 |    382  -0.123  -0.216  -0.147  -0.097  -0.045  0.026
PLUSD    futures       |    756  -0.168  -0.228  -0.171  -0.126  -0.060  0.041 |    483  -0.083  -0.161  -0.087  -0.062  -0.034  0.021
RBUSD    futures       |    561  -0.507  -0.565  -0.525  -0.463  -0.441  0.045 |              -                                       
RTYUSD   futures     H |    750  -0.051  -0.097  -0.066  -0.031  -0.010  0.020 |    401  -0.032  -0.096  -0.047  -0.015   0.010  0.017
SIUSD    futures       |    816   0.006  -0.037  -0.013   0.015   0.053  0.008 |    486   0.038  -0.018   0.021   0.044   0.085  0.007
YMUSD    futures     H |    750  -0.099  -0.145  -0.116  -0.079  -0.030  0.019 |    371  -0.046  -0.110  -0.058  -0.033   0.011  0.014
ZBUSD    futures       |    818  -0.134  -0.178  -0.148  -0.106   0.036  0.028 |    397  -0.226  -0.291  -0.238  -0.193  -0.023  0.033
ZFUSD    futures       |    200  -0.597  -0.716  -0.599  -0.407  -0.181  0.190 |     59  -0.510  -0.753  -0.513  -0.307  -0.023  0.202
ZNUSD    futures       |    780  -0.193  -0.238  -0.206  -0.137  -0.015  0.056 |    382  -0.243  -0.309  -0.261  -0.176  -0.021  0.068
ZTUSD    futures       |     35  -0.249  -0.500  -0.259  -0.138   0.043  0.110 |      7  -0.810  -1.289  -0.812  -0.694  -0.480  0.115
ASX      indices       |              -                                        |     18  -0.490  -0.927  -0.493  -0.175  -0.426  0.315
DAX      indices       |              -                                        |    216  -0.046  -0.133  -0.057  -0.021  -0.004  0.025
DOW      indices       |              -                                        |     43  -0.160  -0.395  -0.161  -0.101  -0.065  0.058
NIKKEI   indices       |              -                                        |    107  -0.190  -0.332  -0.193  -0.175  -0.137  0.016
NSDQ     indices     H |    195  -0.049  -0.127  -0.056  -0.029  -0.025  0.020 |    148  -0.100  -0.190  -0.105  -0.081  -0.061  0.019
SP       indices       |    280  -0.069  -0.138  -0.069  -0.046  -0.026  0.023 |    146  -0.085  -0.182  -0.085  -0.060  -0.016  0.025
GFUSX    livestock     |    151  -0.160  -0.301  -0.168  -0.134  -0.110  0.026 |     97  -0.087  -0.277  -0.090  -0.070  -0.003  0.016
HEUSX    livestock   H |    177  -0.346  -0.769  -0.349  -0.289  -0.147  0.057 |     85  -1.046  -3.162  -1.055  -0.982  -0.379  0.064
LEUSX    livestock     |    138   0.045  -0.103   0.043   0.090   0.087  0.046 |     73   0.063  -0.197   0.063   0.091   0.168  0.028
XAUUSD   metals        |   5497  -0.125  -0.143  -0.142  -0.104  -0.007  0.021 |   2507  -0.073  -0.099  -0.090  -0.060   0.029  0.012
